{"segGroups": [{"objectId": 14, "id": 14, "partId": 14, "index": 0, "dominantNormal": [0.19357384741306305, -0.9810857176780701, -2.1784479057941787e-16], "obb": {"axesLengths": [0.9268719317065223, 1.9655450143170716, 0.5565825318810739], "centroid": [1.3907468158281269, 0.5861810032152379, -0.49066753801768526], "normalizedAxes": [0.9810857176780701, 0.19357386231422424, 4.298203178137433e-17, 0, -2.220446049250313e-16, 1, 0.19357386231422424, -0.9810857176780701, -2.1784479057941787e-16]}, "segments": [14266, 5687, 7641, 14274, 19606, 19612, 20033, 6120, 12747, 13952, 13529, 12467, 12309, 12337, 13021, 20012, 19672, 6921, 6787, 19938, 167, 780, 12597, 13677, 13697, 14445, 13333, 13533, 20234, 13579, 12280, 12326, 8828, 14281, 19946, 12655, 8833, 13668], "label": "shower curtain"}, {"objectId": 9, "id": 9, "partId": 9, "index": 1, "dominantNormal": [0.858914315700531, 0.5121193528175354, 1.1371333937083237e-16], "obb": {"axesLengths": [0.7013256537194875, 0.8915099302341797, 0.5017997494685286], "centroid": [1.1166639999198558, 0.7791385287125456, -0.9957549917759371], "normalizedAxes": [-0.5121193528175354, 0.858914315700531, 1.9071728989417802e-16, 0, -2.220446049250313e-16, 1, 0.858914315700531, 0.5121193528175354, 1.1371333937083237e-16]}, "segments": [491, 535, 542, 551, 710, 3443, 3524, 3530, 3532, 3565, 3569, 3579, 5592, 12238, 12474, 12541, 12634, 16852, 17033, 17047, 17146, 17338, 19162, 19206, 19218, 19585, 19594, 19596, 19615, 19979, 764, 17306, 17317], "label": "sink"}, {"objectId": 8, "id": 8, "partId": 8, "index": 2, "dominantNormal": [-0.4036863148212433, -0.9148974418640137, -2.0314804102561672e-16], "obb": {"axesLengths": [0.6601911405519979, 0.9000000156462185, 0.42179136258591954], "centroid": [1.1466507510944897, 0.7842240447079492, -1.0000000344819564], "normalizedAxes": [0.9148974418640137, -0.4036863148212433, -8.963636828812478e-17, 0, -2.220446049250313e-16, 1, -0.4036863148212433, -0.9148974418640137, -2.0314804102561672e-16]}, "segments": [641, 3355, 5524, 12865, 12978, 19619], "label": "bath cabinet"}, {"objectId": 6, "id": 6, "partId": 6, "index": 3, "dominantNormal": [0.9967128038406372, 0.08101578056812286, 1.798911698894187e-17], "obb": {"axesLengths": [0.5511873882764953, 0.4886900077307965, 0.4491248990959673], "centroid": [0.01564759616744693, 1.2885872967393963, -1.2543449987847726], "normalizedAxes": [-0.08101578056812286, 0.9967128038406372, 2.2131470075251452e-16, 0, -2.220446049250313e-16, 1, 0.9967128038406372, 0.08101578056812286, 1.798911698894187e-17]}, "segments": [6158, 2760, 4306, 4859, 2814, 1862, 1867, 4530, 330, 1935, 2723, 2510, 2580], "label": "toilet"}, {"objectId": 5, "id": 5, "partId": 5, "index": 4, "dominantNormal": [0, -2.220446049250313e-16, 1], "obb": {"axesLengths": [3.0161041924455896, 0.5060299521826961, 2.1338629956328368], "centroid": [0.6975468886824423, 0.1736240121484447, -1.3830149730968846], "normalizedAxes": [0.966390073299408, -0.25708016753196716, -5.708326423369651e-17, 0, -2.220446049250313e-16, 1, -0.25708016753196716, -0.966390073299408, -2.1458170202923909e-16]}, "segments": [8908, 664, 19508, 5117, 12098, 8770, 11987, 10530, 10756, 1972, 10927, 14537, 5424, 4], "label": "floor"}, {"objectId": 2, "id": 2, "partId": 2, "index": 5, "dominantNormal": [0.9026429653167725, -0.4303901791572571, -9.556581729458659e-17], "obb": {"axesLengths": [1.2472798550994844, 2.5641199969324457, 0.21380217178088956], "centroid": [2.0725836698571873, -0.038673047123232385, -0.19206001648239757], "normalizedAxes": [0.4303901791572571, 0.9026429653167725, 2.0042700062212148e-16, 0, -2.220446049250313e-16, 1, 0.9026429653167725, -0.4303901791572571, -9.556581729458659e-17]}, "segments": [16014, 18870, 10980, 11718, 2946, 14416, 10045, 16703, 11487, 21096, 19683, 11807, 11801, 21104, 11000, 11980, 11905, 12080, 16665, 11009, 11845], "label": "wall"}, {"objectId": 4, "id": 4, "partId": 4, "index": 6, "dominantNormal": [0.9359808564186096, -0.3520509898662567, -7.817102295831917e-17], "obb": {"axesLengths": [1.1167977923543744, 2.205789993573948, 0.21517358931392971], "centroid": [-0.39583972884593954, 1.1010851943392717, -0.37289502106163597], "normalizedAxes": [0.3520509898662567, 0.9359808564186096, 2.0782949948086263e-16, 0, -2.220446049250313e-16, 1, 0.9359808564186096, -0.3520509898662567, -7.817102295831917e-17]}, "segments": [8275, 18350, 2133, 6829, 10864, 4557], "label": "wall"}, {"objectId": 1, "id": 1, "partId": 1, "index": 7, "dominantNormal": [-0.3882479667663574, -0.9215549230575562, -2.0462629880703268e-16], "obb": {"axesLengths": [2.8579799373656747, 2.7228899585554744, 0.4594496401861078], "centroid": [1.0634557942689615, 1.0248667692947304, -0.23144503633495317], "normalizedAxes": [0.9215549230575562, -0.3882479965686798, -8.620837301102742e-17, 0, -2.220446049250313e-16, 1, -0.3882479965686798, -0.9215549230575562, -2.0462629880703268e-16]}, "segments": [2940, 8181, 8076, 6895, 4256, 3692, 9766, 19739, 13643, 20343, 13251, 13109, 13971, 7666, 2469, 3376, 13503, 20083, 13011, 7345, 18821, 8582, 14507, 6065, 6953, 7399, 14509, 6092, 13780, 9438, 19925, 13169, 20152, 14168, 17223, 17130, 17964, 9738, 5059, 9472, 9907, 17228, 5734, 14087, 17419, 17925, 17849, 10196, 3235, 14632, 4288, 14296, 17134, 4220, 20335, 17125, 7511, 6136, 14606, 4217, 6877, 20269, 7170, 7187, 4510], "label": "wall"}, {"objectId": 19, "id": 19, "partId": 19, "index": 8, "dominantNormal": [-0.4402920603752136, -0.8978546261787415, -1.9936377574997032e-16], "obb": {"axesLengths": [0.3933884368860364, 1.1021579853707997, 0.2140524801238793], "centroid": [1.1680732130786833, -0.19630639364626012, -0.24107902426163053], "normalizedAxes": [0.8978546261787415, -0.440292090177536, -9.776448321508724e-17, 0, -2.220446049250313e-16, 1, -0.440292090177536, -0.8978546261787415, -1.9936377574997032e-16]}, "segments": [20772, 16282, 16099, 15778, 16366, 10202, 10374, 15765, 15789, 16115, 16208, 20385, 20844, 20944, 20958, 20964, 20968], "label": "towel"}, {"objectId": 33, "id": 33, "partId": 33, "index": 9, "dominantNormal": [0.9473084211349487, -0.3203228712081909, -7.112596538587444e-17], "obb": {"axesLengths": [0.7973310961856623, 0.20048799662691325, 0.17069321881595334], "centroid": [-0.3176706102442445, 0.7964374710753217, 0.5981759471996289], "normalizedAxes": [0.3203228712081909, 0.9473084211349487, 2.1034472411306487e-16, 0, -2.220446049250313e-16, 1, 0.9473084211349487, -0.3203228712081909, -7.112596538587444e-17]}, "segments": [5722, 11039, 7046, 18463, 7103, 18248, 6674], "label": "towel"}, {"objectId": 7, "id": 7, "partId": 7, "index": 10, "dominantNormal": [0.3924458622932434, -0.919775128364563, -2.0423110499757935e-16], "obb": {"axesLengths": [0.5968947316101093, 2.0553599732661243, 0.2917831451929878], "centroid": [0.5608188896661972, 1.0135252703620976, -0.4376800530780094], "normalizedAxes": [0.919775128364563, 0.3924458622932434, 8.714048644736647e-17, 0, -2.220446049250313e-16, 1, 0.3924458622932434, -0.919775128364563, -2.0423110499757935e-16]}, "segments": [6348, 2386, 6561, 5154, 2385, 16805, 7330, 4123, 1566, 865, 6362, 1378, 6975, 6977], "label": "bath cabinet"}, {"objectId": 17, "id": 17, "partId": 17, "index": 11, "dominantNormal": [0, -2.220446049250313e-16, 1], "obb": {"axesLengths": [0.3600881793426979, 0.23059498748343454, 0.23287244314191738], "centroid": [0.5279691041362758, 1.063297406394462, 0.6252974457742093], "normalizedAxes": [0.9944273233413696, 0.10542415827512741, 2.3408865573754636e-17, 0, -2.220446049250313e-16, 1, 0.10542415827512741, -0.9944273233413696, -2.2080722213799078e-16]}, "segments": [17752, 6492, 8206, 17776, 6494, 17427], "label": "plant"}, {"objectId": 32, "id": 32, "partId": 32, "index": 12, "dominantNormal": [0.9998036623001099, -0.019815785810351372, -4.399988331538512e-18], "obb": {"axesLengths": [0.23986005013568237, 0.2600000051409004, 0.14358378736854382], "centroid": [-0.4167268195023386, 0.9699488625335178, -0.14000002915479182], "normalizedAxes": [0.019815785810351372, 0.9998036623001099, 2.2200100919802731e-16, 0, -2.220446049250313e-16, 1, 0.9998036623001099, -0.019815785810351372, -4.399988331538512e-18]}, "segments": [4633, 4564, 4737], "label": "flower"}, {"objectId": 25, "id": 25, "partId": 25, "index": 13, "dominantNormal": [-0.6466384530067444, -0.7627966403961182, -1.6937487865489723e-16], "obb": {"axesLengths": [0.31263395635171337, 0.6614269466379219, 0.1403413750519452], "centroid": [0.791488975564953, 1.093147340809332, -0.9392865062522175], "normalizedAxes": [0.7627966403961182, -0.6466384530067444, -1.4358257982721598e-16, 0, -2.220446049250313e-16, 1, -0.6466384530067444, -0.7627966403961182, -1.6937487865489723e-16]}, "segments": [4314, 4415, 16793, 4429, 7698, 6854], "label": "towel"}, {"objectId": 3, "id": 3, "partId": 3, "index": 14, "dominantNormal": [-0.38583675026893616, -0.9225670695304871, -2.048510404707409e-16], "obb": {"axesLengths": [1.572883669454273, 2.5369098811542257, 0.34488998769666573], "centroid": [1.1224742149732856, -0.35776332076995443, -0.2384550192410122], "normalizedAxes": [0.9225670695304871, -0.38583675026893616, -8.56729687790239e-17, 0, -2.220446049250313e-16, 1, -0.38583675026893616, -0.9225670695304871, -2.048510404707409e-16]}, "segments": [16084, 20751, 20527, 16599, 15136, 11936, 7404, 414, 1023, 3261, 7123, 7388, 7505, 7552, 10485, 10486, 10890, 12005, 12045, 12168, 12170, 12185, 12198, 12211, 12226, 14201, 14872, 14875, 14981, 15036, 15039, 15040, 15051, 15096, 15103, 15113, 15126, 15131, 15154, 15173, 15271, 15280, 15293, 15325, 15357, 15389, 15410, 15430, 15458, 15466, 15472, 15494, 15522, 15546, 15551, 15564, 15602, 15756, 16083, 16237, 16448, 16477, 18859, 18862, 20411, 20419, 20434, 20849, 20854, 20857, 20931, 20959, 20972, 20976, 20977, 20980, 21055, 21059, 21061, 21067, 21069, 21072, 21074, 21077, 16453], "label": "wall"}, {"objectId": 15, "id": 15, "partId": 15, "index": 15, "dominantNormal": [0, -2.220446049250313e-16, 1], "obb": {"axesLengths": [1.3905889343700597, 1.1399999602138997, 1.6857042767437485], "centroid": [0.29731830596384057, 1.3135292568113768, 1.319999936311767], "normalizedAxes": [0.9500001072883606, -0.3122495710849762, -6.933333264957402e-17, 0, -2.220446049250313e-16, 1, -0.3122495710849762, -0.9500001072883606, -2.1094239850158138e-16]}, "segments": [9069, 17703, 18476, 11673, 1179, 11165, 11113, 11819, 2909, 1146, 1149, 1183, 1242, 1254, 1265, 1287, 1290, 7874, 7978, 8011, 8013, 8954, 9020, 11071, 11091, 11126, 11193, 11754, 16867, 17706, 17708, 17712, 17714, 17717, 17719, 17720, 17722, 17733, 18276, 1052, 835], "label": "ceiling"}, {"objectId": 23, "id": 23, "partId": 23, "index": 17, "dominantNormal": [-0.21715186536312103, -0.9761378169059753, -2.1674613590726984e-16], "obb": {"axesLengths": [0.4273500502634101, 2.0430199047248077, 0.1410023196884358], "centroid": [-0.603996797365052, 0.41203355697470334, -0.4515099992868301], "normalizedAxes": [0.9761378169059753, -0.21715185046195984, -4.821739684456535e-17, 0, -2.220446049250313e-16, 1, -0.21715185046195984, -0.9761378169059753, -2.1674613590726984e-16]}, "segments": [7631, 6588, 2001, 3283, 7860, 70], "label": "wall"}, {"objectId": 31, "id": 31, "partId": 31, "index": 18, "dominantNormal": [0.9284477829933167, -0.37146300077438354, -8.248135525121459e-17], "obb": {"axesLengths": [0.3861301459253004, 0.3381558879131999, 0.13143895459407137], "centroid": [-0.5059358132434617, 0.7203142282328204, 0.15189401742985797], "normalizedAxes": [0.37146300077438354, 0.9284477829933167, 2.061568211682722e-16, 0, -2.220446049250313e-16, 1, 0.9284477829933167, -0.37146300077438354, -8.248135525121459e-17]}, "segments": [5895, 17609, 17629, 17411, 5883, 5965, 17398, 17642, 7575], "label": "mirror"}, {"objectId": 30, "id": 30, "partId": 30, "index": 19, "dominantNormal": [0, -2.220446049250313e-16, 1], "obb": {"axesLengths": [0.94783874462633, 0.11999997228384102, 0.33341728110543223], "centroid": [-0.38596396772205666, 0.9010328018057153, 0.5299999474131325], "normalizedAxes": [0.21153533458709717, 0.9773703813552856, 2.1701982019346159e-16, 0, -2.220446049250313e-16, 1, 0.9773703813552856, -0.21153533458709717, -4.69702797960763e-17]}, "segments": [4986, 17485, 18215, 4931, 6680, 6703, 6736, 10910, 11483, 17236, 5759, 18190, 7062, 7102, 7035, 4916, 11464, 18299, 4923, 18307, 17246, 11430], "label": "shelf"}, {"objectId": 18, "id": 18, "partId": 18, "index": 21, "dominantNormal": [0.9068373441696167, 0.42148080468177795, 9.358753875904967e-17], "obb": {"axesLengths": [0.1345955369988028, 0.2981600694769604, 0.06073145588832178], "centroid": [-0.22531010858480582, 1.4689238135533107, -1.299080012223496], "normalizedAxes": [-0.42148077487945557, 0.9068373441696167, 2.0135833981740718e-16, 0, -2.220446049250313e-16, 1, 0.9068373441696167, 0.42148077487945557, 9.358753214160477e-17]}, "segments": [2610], "label": "toilet brush"}], "scan_id": "7272e16c-a01b-20f6-8961-a0927b4a7629", "annId": "3408", "appId": "stk.v1"}